-3.226 1
-1.878 1
0.583 1
7.331 1
-3.529 1
-2.104 1
-4.54 1
-1.389 1
2.362 1
-2.414 1
-4.601 1
4.005 1
-0.586 1
-0.939 1
3.094 1
2.81 1
2.123 1
-5.412 1
-2.547 1
3.147 1
-11.46 1
-1.888 1
-3.492 1
-1.665 1
-4.363 1
-0.112 1
0.832 1
-1.59 1
-2.022 1
1.63 1
-1.809 1
1.531 1
0.726 1
4.288 1
0.542 1
0.257 1
-0.142 1
1.737 1
-3.502 1
0.54 1
4.014 1
1.148 1
1.116 1
-2.036 1
3.396 1
1.241 1
1.024 1
-2.797 1
3.287 1
-1.774 1
1.32 2
3.752 2
-0.093 2
-2.599 2
0.717 2
-2.021 2
3.839 2
3.987 2
-1.064 2
2.151 2
4.082 2
-0.79 2
0.464 2
2.025 2
1.762 2
2.24 2
3.254 2
3.806 2
-3.441 2
2.811 2
-3.99 2
-0.31 2
0.225 2
4.94 2
1.185 2
-2.276 2
0.252 2
-0.154 2
-1.563 2
-0.795 2
-3.693 2
-2.658 2
-2.732 2
2.521 2
-4.676 2
6.887 2
2.826 2
4.355 2
2.098 2
-5.713 2
-0.741 2
0.809 2
0.691 2
0.665 2
-0.297 2
5.704 2
-1.181 2
-1.079 2
-5.001 2
-0.541 2
