0.76 0.192
0.711 0.845
2.13 -0.237
1.692 2.702
1.252 0.063
2.414 1.091
2.173 0.962
-0.24 -0.297
1.797 -0.551
2.725 1.293
1.075 2.438
1.511 2.009
1.385 -0.723
0.248 1.426
0.564 -0.242
1.469 2.087
1.122 0.329
0.942 -0.789
2.223 1.072
1.652 0.326
-0.263 -0.422
1.517 -1.376
0.533 1.239
-0.315 1.331
0.094 -1.05
1.864 1.294
0.478 0.827
0.301 -2.287
-0.746 -0.781
1.004 0.043
2.864 0.757
0.631 1.317
1.151 0.751
2.355 -0.044
0.719 2.211
2.062 1.001
1.454 0.681
2.754 0.684
2.391 1.011
-0.377 -0.461
1.595 2.071
0.78 0.165
-1.13 0.12
0.779 -0.162
0.493 0.438
1.348 0.739
2.198 0.055
1.73 1.552
1.459 0.026
-0.533 1.264
